



H Li 0.9540 0.0833 1.4705 5.6499 1.85375e+2 1.67 3.76
D Li 1.4358 0.1321 1.2091 4.6359 2.08692e+2 1.67 2.40
T Li 1.8839 0.1629 0.9741 4.8558 2.32243e+2 1.67 1.98
4He Li 1.9370 0.3617 1.2501 6.5037 5.56715e+2 1.67 1.80
Li Li 8.2237 0.5159 1.7546 5.5264 1.12841e+3 1.67 1.67
H Be 0.8007 0.0564 1.5147 14.340 2.56510e+2 3.38 9.32
D Be 1.7575 0.1044 1.9906 9.5059 2.82110e+2 3.38 5.67
T Be 2.0794 0.1379 1.5660 9.4345 3.07966e+2 3.38 4.49
3He Be 0.7725 0.3310 1.6036 12.8963 6.65344e+2 3.38 4.49
4He Be 1.4745 0.3193 1.6989 12.3288 7.19545e+2 3.38 3.97
Be Be 2.0334 0.8241 1.3437 16.9689 2.20796e+3 3.38 3.38
N Be 5.2833 0.9334 2.5368 16.5425 5.46566e+3 3.38 3.55
O Be 1.2209 1.2024 1.6881 22.6648 6.97104e+3 3.38 3.67
Ne Be 2.5474 1.8309 1.9400 22.7750 1.06588e+4 3.38 3.96
Ar Be 0.8082 3.2032 1.5058 37.1816 3.68450e+4 3.38 5.63
Kr Be 0.3844 5.3588 1.9600 61.452 1.67028e+5 3.38 9.64
Xe Be 0.4779 8.1740 1.8350 86.942 4.23834e+5 3.38 14.06
H B 0.8989 0.0329 1.3689 28.5753 3.32864e+2 5.73 18.33
D B 1.0068 0.0686 1.4105 20.255 3.61025e+2 5.73 10.84
T B 2.0179 0.1107 1.3317 18.2282 3.89468e+2 5.73 8.39
3He B 1.2373 0.2013 1.5394 20.829 8.35205e+2 5.73 8.39
4He B 0.9493 0.2551 0.9796 23.533 8.94388e+2 5.73 7.27
B B 3.1629 0.9355 1.5939 26.7860 3.71634e+3 5.73 5.73
O B 0.8342 1.0128 1.1909 44.783 8.02325e+3 5.73 5.95
Ne B 0.8654 1.3272 1.1180 47.0718 1.21179e+4 5.73 6.31
H C 1.3533 0.0241 1.4103 38.630 4.14659e+2 7.41 25.89
D C 1.2848 0.0539 1.1977 27.770 4.46507e+2 7.41 15.08
T C 1.9050 0.0718 1.1512 23.617 4.78673e+2 7.41 11.54
3He C 0.7341 0.2058 1.1956 29.883 1.02061e+3 7.41 11.54
4He C 4.5910 0.1951 1.7852 19.124 1.08716e+3 7.41 9.88
C C 13.9666 0.7015 2.0947 21.4457 5.68684e+3 7.41 7.41
N C 5.4288 0.7481 1.7701 34.9372 7.37899e+3 7.41 7.45
O C 9.6110 1.0171 2.0102 34.1293 9.29758e+3 7.41 7.56
Ne C 2.5015 1.1912 1.6551 46.6904 1.39308e+4 7.41 7.92
Ar C 1.2622 2.4576 1.3952 68.8460 4.57989e+4 7.41 10.42
Kr C 1.3628 3.4372 2.2366 88.2918 1.99609e+5 7.41 16.90
Xe C 0.4408 4.3004 1.7734 145.4236 4.98349e+5 7.41 24.13
Mg Mg 0.2574 5.3651 1.6993 8.5706 2.86599e+4 1.54 1.54
Ar Mg 0.2522 7.5660 1.8294 10.7751 6.10685e+4 1.54 1.64
Kr Mg 0.2655 13.1219 2.1498 13.1728 2.37254e+5 1.54 2.21




H Al 0.4138 0.0469 1.6177 30.2224 1.05916e+3 3.36 24.15
D Al 0.2912 0.1076 1.3913 18.4706 1.09700e+3 3.36 13.02
T Al 0.3384 0.1628 1.3777 14.067 1.13522e+3 3.36 9.28
3He Al 0.2670 0.4034 2.2720 14.217 1.37037e+3 3.36 9.28
4He Al 0.2072 0.3889 1.3234 14.0994 2.44780e+3 3.36 7.47
N Al 0.3513 2.0764 1.7955 13.6115 1.28804e+4 3.36 3.73
Ne Al 0.3813 3.0949 1.7394 16.904 2.22732e+4 3.36 3.43
Al Al 0.6008 3.9180 1.9550 16.0955 3.45451e+4 3.36 3.36
Ar Al 0.4713 4.7928 2.0810 21.5497 6.28194e+4 3.36 3.49
Kr Al 0.3085 8.4547 1.9648 28.6055 2.39411e+5 3.36 4.56
Xe Al 0.2200 11.9561 1.9797 37.3796 5.63459e+5 3.36 5.94
H Si 0.4819 0.0276 0.9951 49.792 1.16317e+3 4.70 35.07
D Si 0.5326 0.0569 1.6537 24.543 1.20314e+3 4.70 18.85
T Si 0.4112 0.0816 0.9325 21.298 1.24352e+3 4.70 13.41
3He Si 0.3065 0.1823 1.3953 21.405 2.59209e+3 4.70 13.41
4He Si 0.2524 0.2319 1.4732 18.899 2.67374e+3 4.70 10.77
N Si 0.4888 1.4367 1.7970 16.6977 1.38909e+4 4.70 5.29
Ne Si 0.2995 2.0693 1.5152 23.412 2.39034e+4 4.70 4.83
Si Si 0.6726 2.6951 1.7584 20.035 4.10661e+4 4.70 4.70
Ar Si 0.2770 3.2299 1.5284 32.8380 6.67979e+4 4.70 4.85
Kr Si 0.3000 6.3659 1.7639 39.5819 2.52242e+5 4.70 6.25
Xe Si 0.3076 8.4521 1.6342 45.1518 5.91044e+5 4.70 8.09
Ca Ca 0.0968 6.6980 1.5276 10.679 9.43891e+4 1.83 1.83
Sc Sc 0.3163 5.8720 1.7448 16.804 1.05770e+5 3.49 3.49
H Ti 0.6214 0.0207 0.9427 77.1765 2.05415e+3 4.89 60.45
D Ti 0.3491 0.0565 1.3957 39.259 2.09615e+3 4.89 31.63
T Ti 0.3469 0.0887 1.1426 29.3389 2.13856e+3 4.89 21.91
3He Ti 0.3632 0.1456 1.1171 31.303 4.41677e+3 4.89 21.91
4He Ti 0.2053 0.2036 1.6310 24.5359 4.50177e+3 4.89 17.19
N Ti 0.2321 1.8168 2.0297 16.5403 2.07557e+4 4.89 6.98
Ne Ti 0.2317 2.6253 1.8113 19.564 3.39688e+4 4.89 5.86
Ar Ti 0.3152 4.8957 1.8291 25.019 8.56428e+4 4.89 4.93
Ti Ti 0.3217 4.9010 1.6929 24.356 1.17898e+5 4.89 4.89
Kr Ti 0.4445 8.4878 2.2691 30.9784 2.89844e+5 4.89 5.28
Xe Ti 0.2234 12.9890 1.8943 39.6382 6.42730e+5 4.89 6.24
H V 0.7528 0.0234 1.7703 79.7078 2.17329e+3 5.33 69.90
D V 0.6688 0.0606 1.6983 42.766 2.21513e+3 5.33 36.49
T V 0.1885 0.0630 1.4064 33.343 2.25738e+3 5.33 25.22
3He V 0.5942 0.1590 1.2342 34.402 4.65839e+3 5.33 25.22
4He V 0.1705 0.2146 1.4230 29.0921 4.74299e+3 5.33 19.74
N V 0.2801 1.9363 2.1837 18.4653 2.16246e+4 5.33 7.88
Ne V 0.1444 3.3295 1.8660 23.1560 3.52128e+4 5.33 6.56
Ar V 0.2139 5.2774 1.9274 29.797 8.78018e+4 5.33 5.41
V V 0.3015 6.7315 1.6807 25.9840 1.30783e+5 5.33 5.33
Kr V 0.3500 9.4796 2.2023 34.6199 2.93342e+5 5.33 5.67
Xe V 0.2601 13.9197 2.0005 41.6428 6.45981e+5 5.33 6.62





H Cr 0.3673 0.0405 1.4998 65.8795 2.29573e+3 4.12 55.11
D Cr 0.2899 0.1084 1.7152 35.024 2.33904e+3 4.12 28.75
T Cr 0.2663 0.1776 1.8134 25.074 2.38278e+3 4.12 19.85
3He Cr 0.1869 0.2985 1.3060 28.803 4.91344e+3 4.12 19.85
4He Cr 0.3120 0.3508 1.8564 21.611 5.00096e+3 4.12 15.53
Ne Cr 0.2550 5.8847 2.2414 18.550 3.68638e+4 4.12 5.11
Ar Cr 0.3285 7.6222 2.3546 22.3536 9.15022e+4 4.12 4.19
Cr Cr 0.3472 9.6358 2.1501 21.4357 1.44437e+5 4.12 4.12
Kr Cr 0.3681 13.4719 2.4061 26.2860 3.04062e+5 4.12 4.36
Xe Cr 0.0642 20.0590 1.7830 35.7764 6.67613e+5 4.12 5.07
H Mn 0.5704 0.0774 2.5497 43.501 2.41819e+3 2.92 41.18
D Mn 0.3203 0.2007 1.7627 25.5675 2.46141e+3 2.92 21.44
T Mn 0.2140 0.3193 1.8198 18.5434 2.50506e+3 2.92 14.78
3He Mn 0.1201 0.5548 1.9758 19.7689 5.16191e+3 2.92 14.78
4He Mn 0.2061 0.6680 1.8364 16.4824 5.24919e+3 2.92 11.54
Ar Mn 0.1275 14.2168 1.9572 17.9964 9.37995e+4 2.92 2.99
Kr Mn 0.1164 24.5351 1.8377 21.0972 3.08095e+5 2.92 3.05
Xe Mn 0.0978 32.8089 1.7796 23.9217 6.72160e+5 2.92 3.51
H Fe 0.8696 0.0339 1.8635 67.2578 2.54382e+3 4.34 62.19
D Fe 0.2743 0.0919 1.3489 40.8547 2.58856e+3 4.34 32.36
T Fe 0.3131 0.1545 1.3250 28.9747 2.67374e+3 4.34 22.29
3He Fe 0.2630 0.2780 1.5947 29.6538 5.42342e+3 4.34 22.29
4He Fe 0.1836 0.3347 1.8574 24.2208 5.51371e+3 4.34 17.40
N Fe 0.2590 2.7806 2.3278 16.6110 2.46747e+4 4.34 6.77
Ne Fe 0.2608 4.4877 2.3857 18.7098 3.98491e+4 4.34 5.56
Ar Fe 0.3517 7.5705 2.3822 22.5719 9.75914e+4 4.34 4.46
Fe Fe 0.3409 11.0481 1.8048 13.7676 1.74096e+5 4.34 4.34
Kr Fe 0.3296 13.8062 2.2461 27.8579 3.19107e+5 4.34 4.52
Xe Fe 0.2492 19.8866 2.1631 32.2100 6.94435e+5 4.34 5.18
H Co 0.4456 0.0396 1.7711 77.3535 2.66922e+3 4.43 66.85
D Co 0.2832 0.1085 1.6859 42.1606 2.71375e+3 4.43 34.72
T Co 0.3065 0.1689 1.4653 30.5090 2.75873e+3 4.43 23.88
3He Co 0.1762 0.3000 1.4515 33.4129 5.67719e+3 4.43 23.88
4He Co 0.1652 0.3649 1.8250 25.9871 5.76700e+3 4.43 18.61
Ne Co 0.0828 5.1602 2.2943 20.8124 4.11463e+4 4.43 5.83
Ar Co 0.2709 8.4019 2.3291 23.8571 9.98420e+4 4.43 4.60
Co Co 0.3615 11.6517 2.3889 22.5211 1.90123e+5 4.43 4.43
Kr Co 0.3021 14.5284 2.2207 28.5342 3.22806e+5 4.43 4.57
Xe Co 0.2561 20.8948 2.1435 32.0848 6.98061e+5 4.43 5.18





H Ni 0.6039 0.0334 2.0121 72.9013 2.79866e+3 4.46 67.06
D Ni 0.2649 0.0904 1.6534 42.0439 2.84552e+3 4.46 34.84
T Ni 0.3185 0.1734 1.3881 30.7743 2.89285e+3 4.46 23.96
3He Ni 0.1421 0.3183 1.3582 33.9111 5.94964e+3 4.46 23.96
4He Ni 0.2024 0.3704 1.9128 25.3764 6.04409e+3 4.46 18.67
N Ni 0.1941 2.9510 2.0380 18.4448 2.67793e+4 4.46 7.17
O Ni 0.2107 3.4027 2.2297 18.3954 3.18555e+4 4.46 6.63
Ne Ni 0.2478 4.5041 2.4046 18.7208 4.30554e+4 4.46 5.86
Ar Ni 0.3068 7.9565 2.3102 23.3069 1.04416e+5 4.46 4.63
Ni Ni 6.5700 11.8130 2.7875 11.7462 2.06960e+5 4.46 4.46
Kr Ni 1.9541 13.5535 2.5909 18.1503 3.37355e+5 4.46 4.60
Xe Ni 1.3490 20.8734 2.3649 21.2671 7.29221e+5 4.46 5.22
H Cu 0.5015 0.0566 1.9914 61.7219 2.92563e+3 3.52 57.14
D Cu 0.1989 0.1374 1.6642 35.5599 2.97095e+3 3.52 29.61
T Cu 0.2904 0.2899 1.9648 24.2892 3.01673e+3 3.52 20.32
3He Cu 0.0750 0.7126 1.0303 28.4759 6.20088e+3 3.52 20.32
4He Cu 0.1639 0.6376 1.9937 21.5232 6.29218e+3 3.52 15.79
N Cu 0.1595 3.4102 2.1567 15.6557 2.75601e+4 3.52 5.95
Ne Cu 0.2009 5.0380 2.4014 15.5801 4.40689e+4 3.52 4.81
Ar Cu 1.9417 14.8712 2.3907 12.9166 1.05525e+5 3.52 3.71
Cu Cu 2.6044 14.5469 2.5577 10.7777 2.24619e+5 3.52 3.52
Kr Cu 0.3072 16.6183 2.3257 21.3482 3.35590e+5 3.52 3.59
Xe Cu 0.2781 24.4581 2.2393 23.6265 7.18907e+5 3.52 4.00
Ar Zn 0.5168 35.7476 2.0349 7.6061 1.08696e+5 1.35 1.43
Zn Zn 0.3077 30.3139 2.1318 6.5831 2.43109e+5 1.35 1.35
Kr Zn 0.4951 34.1270 2.4413 6.9161 3.43442e+5 1.35 1.37
D Ga 0.2292 0.1113 1.7674 29.5602 3.23166e+3 2.82 25.88
T Ga 0.2369 0.1706 1.4510 21.3773 3.27716e+3 2.82 17.72
Ga Ga 0.1105 16.5357 1.4877 16.8456 2.62439e+5 2.82 2.82
H Ge 0.3938 0.0245 1.1582 88.3539 3.31932e+3 3.88 71.67
D Ge 0.2327 0.0609 1.4101 44.6555 3.36441e+3 3.88 37.00
T Ge 0.2998 0.0815 1.3007 30.8678 3.40997e+3 3.88 25.30
3He Ge 0.3206 0.2127 1.3195 32.3887 6.99838e+3 3.88 25.30
4He Ge 0.1446 0.2673 1.5062 26.2298 7.08909e+3 3.88 19.60
Ne Ge 0.1485 3.5700 2.0064 14.1111 4.82268e+4 3.88 5.70
Ar Ge 0.2357 6.2991 2.3935 15.5675 1.12992e+5 3.88 4.24
Ge Ge 0.3535 11.8041 2.3480 17.2208 2.82619e+5 3.88 3.88
Kr Ge 0.1769 12.8791 2.0150 23.9964 3.49421e+5 3.88 3.90
Xe Ge 0.0838 18.2164 1.7290 28.5395 7.36368e+5 3.88 4.23
Ar Se 0.1608 11.1577 2.2076 9.0783 1.18037e+5 2.14 2.40





H Zr 0.4518 0.0103 1.0406 182.7468 4.42211e+3 6.33 146.11
D Zr 0.6485 0.0306 1.9944 80.1168 4.47714e+3 6.33 75.02
T Zr 0.7209 0.0542 1.6586 54.9858 4.52564e+3 6.33 51.02
3He Zr 0.5744 0.1184 0.7719 66.7939 9.25829e+3 6.33 51.02
4He Zr 0.2633 0.1371 0.9538 53.1725 9.35457e+3 6.33 39.32
Ne Zr 0.1101 2.5721 1.6851 23.4583 6.06862e+4 6.33 10.67
Ar Zr 0.1601 5.0472 2.0223 24.0260 1.37106e+5 6.33 7.47
Kr Zr 0.2163 9.2238 2.1484 33.5793 4.03685e+5 6.33 6.34
Zr Zr 0.2699 10.8645 1.9248 29.9208 4.75691e+5 6.33 6.33
Xe Zr 0.2943 12.8431 2.2275 37.8291 8.25496e+5 6.33 6.54
H Nb 0.6259 0.0112 1.3327 210.8697 4.57351e+3 7.59 178.37
D Nb 0.3858 0.0328 1.5253 106.8707 4.62220e+3 7.59 91.55
T Nb 0.6475 0.0593 1.8826 68.8233 4.67139e+3 7.59 62.23
3He Nb 0.3872 0.1233 1.1568 79.8178 9.55327e+3 7.59 62.23
4He Nb 0.2626 0.1418 1.3089 62.2687 9.65087e+3 7.59 47.95
Ne Nb 0.1307 2.4654 1.8441 28.0914 6.23657e+4 7.59 12.94
Ar Nb 0.1913 5.3954 2.3033 28.6038 1.40484e+5 7.59 9.02
Kr Nb 0.1964 9.5591 1.9919 42.3615 4.11932e+5 7.59 7.61
Nb Nb 0.2284 10.4521 1.8885 37.3983 5.03904e+5 7.59 7.59
Xe Nb 0.1998 13.4775 2.0015 49.0697 8.40173e+5 7.59 7.82
H Mo 0.5124 0.0114 1.1469 201.4886 4.71832e+3 6.83 165.63
D Mo 0.3241 0.0326 1.5410 97.7738 4.76698e+3 6.83 84.95
T Mo 0.5078 0.0661 1.5955 67.1475 4.81614e+3 6.83 57.71
3He Mo 0.3541 0.1373 0.9926 75.3995 9.84614e+3 6.83 57.71
4He Mo 0.1537 0.1563 0.9989 59.3088 9.94365e+3 6.83 44.44
N Mo 0.1157 1.7900 1.8032 28.2561 4.10879e+4 6.83 15.36
O Mo 0.1762 2.1069 2.4821 23.9169 4.83320e+4 6.83 13.94
Ne Mo 0.2205 2.8995 2.6514 23.6170 6.38956e+4 6.83 11.89
Ar Mo 0.1339 6.3606 1.9562 28.2149 1.43274e+5 6.83 8.23
Kr Mo 0.1412 11.9419 1.6911 38.6337 4.17411e+5 6.83 6.86
Mo Mo 0.3580 12.2715 2.1844 31.4737 5.33049e+5 6.83 6.83
Xe Mo 0.2401 32.5719 1.6694 47.4030 8.47848e+5 6.83 7.00
H Ru 0.3912 0.0129 1.6744 194.6779 5.01173e+3 6.69 170.73
D Ru 0.2887 0.0428 1.9612 97.5326 5.06083e+3 6.69 87.48
T Ru 0.3922 0.0882 1.7061 68.6863 5.11042e+3 6.69 59.37
3He Ru 0.1990 0.1998 1.7831 72.7607 1.04414e+4 6.69 59.37
4He Ru 0.1617 0.2364 1.7290 57.4279 1.05397e+4 6.69 45.67
Ne Ru 0.1389 3.1882 2.1092 26.1200 6.70985e+4 6.69 12.06
Ar Ru 0.1872 6.8381 2.2039 27.4779 1.49334e+5 6.69 8.24
Kr Ru 0.2419 13.1833 2.3683 35.6820 4.30460e+5 6.69 6.75
Xe Ru 0.1828 18.9085 2.0945 43.4787 6.68372e+5 6.69 6.81





H Rh 0.4883 0.0174 1.5635 173.8870 5.16041e+3 5.78 150.14
D Rh 0.3593 0.0511 1.8715 85.5661 5.21007e+3 5.78 76.90
T Rh 0.3510 0.1026 1.4508 61.9159 5.26022e+3 5.78 52.17
3He Rh 0.1514 0.2049 1.5288 64.9824 1.07444e+4 5.78 52.17
4He Rh 0.1038 0.2212 2.0736 49.0159 1.08438e+4 5.78 40.12
Ne Rh 0.1310 3.7410 2.0601 23.2979 6.87945e+4 5.78 10.54
Ar Rh 0.1519 7.8385 2.1666 24.8932 1.52692e+5 5.78 7.17
Kr Rh 0.1467 15.4269 2.1139 33.6867 4.38429e+5 5.78 5.84
Xe Rh 0.2480 21.6042 2.3157 34.9750 8.82222e+5 5.78 5.87
H Pd 0.3805 0.0307 1.5679 119.3501 5.30935e+3 3.91 104.94
D Pd 0.1879 0.0875 1.7784 61.2249 5.35878e+3 3.91 53.72
T Pd 0.2011 0.1654 1.5686 42.9267 5.40870e+3 3.91 36.42
3He Pd 0.1429 0.3249 1.7971 44.0328 1.10446e+4 3.91 36.42
4He Pd 0.1312 0.3839 1.8906 34.3297 1.11435e+4 3.91 27.99
Ne Pd 0.1449 5.3982 2.3415 15.9494 7.03218e+4 3.91 7.29
Ar Pd 0.1147 11.4507 2.1538 18.1505 1.55391e+5 3.91 4.93
Kr Pd 0.1636 20.9141 2.3051 22.0273 4.43321e+5 3.91 3.97
Pd Pd 0.2531 26.4367 2.3402 19.4305 6.59103e+5 3.91 3.91
Xe Pd 0.1879 30.3470 2.1409 23.6613 8.88306e+5 3.91 3.95
H Ag 0.4315 0.0568 1.9568 88.4899 5.46029e+3 2.97 80.79
D Ag 0.1118 0.1421 1.7562 48.1788 5.51044e+3 2.97 41.35
T Ag 0.2015 0.2513 1.5178 33.7714 5.56109e+3 2.97 28.03
3He Ag 0.1344 0.4479 1.6924 34.1484 1.13527e+4 2.97 28.03
4He Ag 0.1136 0.5817 1.9719 26.4533 1.14531e+4 2.97 21.54
N Ag 0.1020 3.5600 2.2635 13.0433 4.66664e+4 2.97 7.30
O Ag 0.0839 4.5394 2.0010 13.4494 5.47544e+4 2.97 6.60
O(Mol) Ag 0.1711 5.6305 2.5908 13.4489 5.47544e+4 2.97 6.60
Ne Ag 0.0995 5.5124 2.7313 11.8829 7.20736e+4 2.97 5.59
Ar Ag 0.1650 18.8203 1.9424 13.9098 1.58921e+5 2.97 3.76
Ar(KrC) Ag 0.1178 13.6070 2.1743 13.5876 1.58921e+5 2.97 3.76
Ar(Mol) Ag 0.2320 16.4201 2.4019 13.6547 1.58921e+5 2.97 3.76
Ar(Mola) Ag 0.1673 12.4010 2.3562 12.0571 1.58921e+5 2.97 3.76
Ar(ZBL) Ag 0.2100 13.9829 2.4962 14.0709 1.58921e+5 2.97 3.76
Kr Ag 0.1801 30.5548 2.4713 16.2072 4.51993e+5 2.97 3.02
Ag Ag 0.1687 36.6162 2.4091 15.2340 6.93021e+5 2.97 2.97
Xe Ag 0.2236 35.8737 2.2844 17.5897 9.03858e+5 2.97 3.00
Ar Cd 0.1235 25.3480 2.2793 5.4146 1.61276e+5 1.16 1.50
Kr Cd 0.1779 46.8071 2.6365 6.1572 4.55218e+5 1.16 1.19
Cd Cd 0.1861 66.4019 2.2778 5.7795 7.27916e+5 1.16 1.16
H In 0.4760 0.0408 1.7747 77.6070 5.76339e+3 2.49 72.02
D In 0.1803 0.1049 1.4528 42.4095 5.81315e+3 2.49 36.82
T In 0.1745 0.1751 1.3489 29.0900 5.86340e+3 2.49 24.93
Ne In 0.0348 5.9422 1.3768 12.1811 7.51927e+4 2.49 4.90
Kr In 0.0996 23.4774 2.0666 13.4197 4.62260e+5 2.49 2.55
In In 0.1224 30.7665 1.9472 13.0986 7.63793e+5 2.49 2.49





H Sn 0.4702 0.0352 1.6669 104.1095 5.91631e+3 3.12 93.23
D Sn 0.1829 0.0715 1.6497 53.8847 5.96574e+3 3.12 47.63
T Sn 0.2917 0.1556 1.5871 36.4853 6.01566e+3 3.12 32.23
3He Sn 0.1558 0.3227 1.5754 38.8436 1.22714e+4 3.12 32.23
4He Sn 0.1102 0.3244 1.8523 29.6119 1.23702e+4 3.12 24.73
Ne Sn 0.1152 4.5687 2.2682 11.5544 7.67367e+4 3.12 6.28
Ar Sn 0.0746 9.2172 2.1869 11.9822 1.67157e+5 3.12 4.14
Kr Sn 0.3289 17.5340 2.6550 13.6369 4.66941e+5 3.12 3.22
Sn Sn 0.1494 27.3600 2.0140 15.7681 8.00660e+5 3.12 3.12
Xe Sn 0.9767 25.3092 3.2145 14.2636 9.22556e+5 3.12 3.13
Kr Sb 0.1171 22.1319 2.0888 13.5706 4.73059e+5 2.72 2.82
Ar Te 0.0993 12.8971 2.2723 7.4376 1.72282e+5 2.02 2.78
Cs Cs 0.1310 59.8329 1.7733 4.4983 1.00007e+6 0.82 0.82
Kr Sm 0.1279 25.7558 2.4453 9.2611 5.50683e+5 2.16 2.35
H Tb 0.4151 0.0245 1.4450 180.8106 8.32995e+3 3.89 154.97
D Tb 0.2514 0.0764 1.4668 92.1545 8.38203e+3 3.89 78.85
T Tb 0.2675 0.1140 1.7383 58.8710 8.43464e+3 3.89 53.14
3He Tb 0.1970 0.2290 1.5498 62.3825 1.71555e+4 3.89 53.14
4He Tb 0.1613 0.3219 1.5186 48.4940 1.72593e+4 3.89 40.61
Ar Tb 0.0825 10.8668 2.0502 14.1521 2.15976e+5 3.89 6.06
H Tm 0.3646 0.0525 1.6677 119.3908 9.00672e+3 2.52 106.64
D Tm 0.1931 0.1483 1.5930 61.7026 9.05971e+3 2.52 54.22
T Tm 0.2005 0.2252 1.7487 39.5783 9.11324e+3 2.52 36.51
3He Tm 0.1329 0.4083 1.5808 42.9760 1.85244e+4 2.52 36.51
4He Tm 0.1182 0.5425 1.8624 32.4379 1.86300e+4 2.52 27.88
Ar Tm 0.1010 18.0207 2.1079 9.4852 2.29744e+5 2.52 4.07
H Hf 0.6050 0.0106 1.3803 320.9804 9.52208e+3 6.31 281.94
D Hf 0.2980 0.0303 1.8401 157.1012 9.57512e+3 6.31 143.26
T Hf 0.2352 0.0507 1.3451 112.2792 9.62870e+3 6.31 96.42
3He Hf 0.2596 0.1083 1.1964 115.5387 1.95639e+4 6.31 96.42
4He Hf 0.1695 0.1230 1.7304 84.5645 1.96695e+4 6.31 73.58
Ne Hf 0.0698 3.0827 1.6671 28.7970 1.15397e+5 6.31 17.29
Ar Hf 0.0841 7.2844 1.9088 23.6839 2.39690e+5 6.31 10.56
Kr Hf 0.0969 15.8759 1.9090 27.1771 6.21788e+5 6.31 7.26
Xe Hf 0.1218 22.7796 2.0536 32.7651 1.16579e+6 6.31 6.46
H Ta 0.5966 0.0078 0.7141 483.1426 9.69565e+3 8.10 366.86
D Ta 0.6251 0.0218 0.7705 225.5901 9.74893e+3 8.10 186.37
T Ta 0.2642 0.0284 1.0425 147.2448 9.80275e+3 8.10 125.42
3He Ta 0.5951 0.0885 2.0793 131.9549 1.99149e+4 8.10 125.42
4He Ta 0.1193 0.0989 1.3173 116.3022 2.00210e+4 8.10 95.70
Ne Ta 0.0675 2.7626 2.0170 36.3551 1.17263e+5 8.10 22.43
Ar Ta 0.1468 6.2661 2.3669 28.6179 2.43215e+5 8.10 13.67
Kr Ta 0.1074 14.2018 2.0456 34.5045 6.29462e+5 8.10 9.36
Xe Ta 0.1175 20.2166 2.0128 42.5105 1.17814e+6 8.10 8.31
Ta Ta 0.1583 26.6919 1.9785 41.4906 1.93615e+6 8.10 8.10





H W 1.0087 0.0075 1.2046 457.42 9.86986e+3 8.68 399.36
D W 0.3583 0.0183 1.4410 228.84 9.92326e+3 8.68 202.85
T W 0.2870 0.0419 1.5802 153.8842 9.97718e+3 8.68 136.48
3He W 0.2424 0.0884 1.2439 164.3474 2.02666e+4 8.68 136.48
4He W 0.1692 0.1151 1.7121 120.56 2.03728e+4 8.68 104.13
N W 0.0921 1.4389 2.0225 45.3362 7.90505e+4 8.68 32.98
O W 0.0777 1.8824 1.7536 44.2135 9.19794e+4 8.68 29.46
Ne W 0.0828 2.5520 1.9534 38.6389 1.19107e+5 8.68 24.35
Ar W 0.2113 5.9479 2.3857 27.0503 2.46646e+5 8.68 14.80
Kr W 0.1747 13.6917 2.5161 34.7592 6.36677e+5 8.68 10.09
Xe W 0.1385 20.5321 2.0952 44.8701 1.18932e+6 8.68 8.93
W W 2.2697 18.6006 3.1273 24.9885 1.99860e+6 8.68 8.68
H Re 0.6547 0.0089 1.5919 410.7532 1.00450e+4 8.09 376.92
D Re 0.3445 0.0262 1.6638 214.3341 1.00987e+4 8.09 191.42
T Re 0.2667 0.0460 1.7325 143.8798 1.01529e+4 8.09 128.78
3He Re 0.2026 0.1092 1.5099 151.8603 2.06207e+4 8.09 128.78
4He Re 0.1179 0.1189 1.6235 115.5715 2.07275e+4 8.09 98.24
Ne Re 0.0871 3.0197 1.9011 37.8276 1.20995e+5 8.09 22.93
Ar Re 0.0922 8.1299 2.0957 32.2292 2.50221e+5 8.09 13.91
Kr Re 0.1159 16.1742 2.1166 35.8918 6.44513e+5 8.09 9.45
Xe Re 0.1345 23.6228 2.1797 42.6697 1.20203e+6 8.09 8.34
H Os 0.5133 0.0089 1.3016 458.5624 1.02204e+4 8.13 386.83
D Os 0.2692 0.0267 1.3190 232.7884 1.02739e+4 8.13 196.42
T Os 0.3100 0.0507 1.5438 148.1225 1.03279e+4 8.13 132.10
3He Os 0.2226 0.1111 1.6367 152.6164 2.09735e+4 8.13 132.10
4He Os 0.1207 0.1315 1.9064 115.7747 2.10799e+4 8.13 100.75
Ne Os 0.0816 3.0236 2.1827 37.7170 1.22785e+5 8.13 23.44
Ar Os 0.0985 7.4153 2.2543 32.1090 2.53422e+5 8.13 14.17
Kr Os 0.1140 16.3882 2.1619 36.1888 6.50625e+5 8.13 9.57
Xe Os 0.1751 23.5196 2.4600 40.4010 1.21043e+6 8.13 8.41
H Ir 0.4857 0.0108 1.7106 367.3325 1.03972e+4 6.90 331.72
D Ir 0.2445 0.0332 1.6722 188.7811 1.04510e+4 6.90 168.42
T Ir 0.2550 0.0640 1.6312 127.4106 1.05053e+4 6.90 113.26
3He Ir 0.1693 0.1387 1.4318 134.4943 2.13313e+4 6.90 113.26
4He Ir 0.1057 0.1664 1.6693 102.6618 2.14384e+4 6.90 86.37
Ne Ir 0.0847 3.5828 2.0777 32.7658 1.24708e+5 6.90 20.06
Ar Ir 0.1070 8.8295 2.2049 27.7592 2.57103e+5 6.90 12.11
Kr Ir 0.1117 19.1063 2.2947 31.0366 6.58875e+5 6.90 8.16
Xe Ir 0.1933 27.1913 2.5754 34.0523 1.22412e+6 6.90 7.15





H Pt 0.4428 0.0136 1.4981 325.0317 1.05744e+4 5.86 285.91
D Pt 0.2020 0.0395 1.5601 166.7835 1.06283e+4 5.86 145.14
T Pt 0.2492 0.0756 1.4307 112.6259 1.06828e+4 5.86 97.59
3He Pt 0.1998 0.1482 1.5445 113.4769 2.16890e+4 5.86 97.59
4He Pt 0.1214 0.1802 1.8192 85.5658 2.17963e+4 5.86 74.41
O Pt 0.0785 2.8246 2.0224 31.5095 9.78987e+4 5.86 20.91
Ne Pt 0.0949 5.0805 2.1232 28.0853 1.26583e+5 5.86 17.24
Ar Pt 0.1380 13.7922 2.2949 23.3808 2.60590e+5 5.86 10.38
Kr Pt 0.1087 29.4816 1.9534 27.9365 6.66218e+5 5.86 6.97
Xe Pt 0.0658 41.7055 1.5076 34.0986 1.23553e+6 5.86 6.09
Pt Pt 0.2616 42.2193 2.4689 28.0416 2.25981e+6 5.86 5.86
H Au 0.3117 0.0286 1.8415 206.4074 1.07527e+4 3.80 187.17
D Au 0.2082 0.0843 1.2739 112.9565 1.08070e+4 3.80 95.00
T Au 0.1680 0.1560 1.4421 74.8582 1.08618e+4 3.80 63.88
3He Au 0.1346 0.3759 1.6028 75.1673 2.20499e+4 3.80 63.88
4He Au 0.0928 0.3406 1.6773 57.2732 2.21579e+4 3.80 48.70
N Au 0.0934 3.6067 2.0278 22.0847 8.55290e+4 3.80 15.32
O Au 0.0634 4.0269 1.9029 21.3321 9.94281e+4 3.80 13.67
Ne Au 0.0758 5.9707 1.8885 19.0757 2.18526e+5 3.80 11.27
Ar Au 0.0906 12.0104 2.3969 15.6192 2.64318e+5 3.80 6.78
Kr Au 0.0940 30.2381 1.7709 18.7951 6.74618e+5 3.80 4.54
Xe Au 0.1371 47.6103 2.5053 19.7602 1.24955e+6 3.80 3.96
Au Au 0.1126 61.2607 1.7156 21.4123 2.32799e+6 3.80 3.80
Kr Hg 0.0964 14.1592 2.1495 24.7454 6.81273e+5 6.36 7.65
Kr Tl 0.0707 37.5934 2.3358 8.2027 6.87823e+5 1.88 2.28
He Pb 0.0686 0.4081 1.6658 31.7654 2.32414e+4 2.03 27.31
Ne Pb 0.0569 6.7337 2.1626 9.6887 1.34122e+5 2.03 6.27
Ar Pb 0.0462 15.7003 1.9270 8.4298 2.74555e+5 2.03 3.74
Kr Pb 0.0551 35.9566 2.0207 9.1375 6.95357e+5 2.03 2.48
Xe Pb 0.0637 52.3584 2.0982 10.8209 1.28038e+6 2.03 2.14
Pb Pb 0.1461 81.3238 2.1946 10.3121 2.53951e+6 2.03 2.03
Ar Bi 0.0289 14.2020 1.5639 9.4013 2.78342e+5 2.17 4.03
Kr Bi 0.0578 30.2017 2.0562 9.1764 7.03904e+5 2.17 2.66
4He Th 0.1680 0.1524 1.5450 103.5217 2.61980e+4 5.93 88.99
Ne Th 0.0592 2.9258 1.6073 30.7814 1.49508e+5 5.93 20.14
Ar Th 0.0543 7.3739 1.6067 23.7676 3.02995e+5 5.93 11.83
Kr Th 0.0767 16.5776 1.8831 22.9040 7.54519e+5 5.93 7.61
Xe Th 0.1059 24.2490 1.9981 26.4766 1.37124e+6 5.93 6.42
H U 0.5069 0.0144 1.4948 365.5917 1.31300e+4 5.42 322.05
D U 0.1807 0.0266 1.2763 189.3173 1.31849e+4 5.42 163.18
4He U 0.0839 0.1136 1.6784 95.3598 2.69513e+4 5.42 83.37
Ne U 0.0449 3.0029 1.8839 28.5107 1.53434e+5 5.42 18.81
Ar U 0.0584 7.6218 2.1314 21.6010 3.10275e+5 5.42 11.01
Kr U 0.0592 18.0929 2.0957 22.5283 7.69792e+5 5.42 7.04
Xe U 0.0694 26.9596 2.2075 25.9587 1.39494e+6 5.42 5.91
Rn U 0.1709 40.4320 2.3889 30.1936 2.96732e+6 5.42 5.43
U U 0.1932 56.2825 2.0420 26.7960 3.32167e+6 5.42 5.42



















































