T Li 100 7.2592 2.6907 0.8685 4.20e-2 1.00 95.71 74.53
T Li 300 5.3765 1.5393 0.9380 4.52e-2 1.00 93.30 77.31
Li Li 100 10.9922 5.1816 0.7382 9.48e-2 1.67 97.36 68.79
Li Li 200 8.0198 3.3011 0.8089 1.50e-1 1.67 95.22 71.79
Li Li 1000 4.8470 1.4003 0.8167 2.07e-1 1.67 92.34 79.36
H Be 15 11.1512 10.4683 1.1501 2.39e-5 1.00 104.48 25.75
H Be 17 16.2828 13.6595 0.5330 1.80e-4 1.00 103.63 23.40
H Be 20 11.8530 9.7870 0.6069 8.03e-4 1.00 102.60 28.10
H Be 22 9.9611 8.0685 0.6398 1.45e-3 1.00 102.04 31.29
H Be 25 8.5822 6.5543 0.6820 2.57e-3 1.00 101.31 38.37
H Be 30 6.2386 4.3193 0.8005 4.68e-3 1.00 100.35 48.80
H Be 40 6.1156 3.5415 0.8961 8.46e-3 1.00 98.98 59.73
H Be 50 5.9126 3.0661 0.9447 1.15e-2 1.00 98.05 64.11
H Be 70 5.7275 2.5808 0.9899 1.54e-2 1.00 96.82 68.08
H Be 100 5.3523 2.1181 1.0194 1.85e-2 1.00 95.71 70.71
H Be 140 5.2036 1.8698 1.0226 1.98e-2 1.00 94.83 72.34
H Be 200 4.9195 1.5975 1.0221 2.02e-2 1.00 94.04 73.90
H Be 300 4.7651 1.4198 1.0017 1.93e-2 1.00 93.30 75.30
H Be 500 4.5468 1.2312 0.9622 1.69e-2 1.00 92.56 77.19
H Be 1000 4.3749 1.0536 0.8651 1.26e-2 1.00 91.81 81.10
D Be 11 15.1382 12.5716 0.5871 2.61e-5 1.00 106.78 27.74
D Be 12 12.2769 9.7520 0.4890 9.29e-5 1.00 106.10 28.24
D Be 13 11.8349 9.1246 0.5030 2.32e-4 1.00 105.50 32.16
D Be 14 11.1728 8.4156 0.5234 4.65e-4 1.00 104.96 35.47
D Be 15 10.3229 7.5816 0.5573 8.10e-4 1.00 104.48 39.31
D Be 17 9.3601 6.5239 0.6180 1.73e-3 1.00 103.63 45.94
D Be 20 8.6777 5.6452 0.7059 3.64e-3 1.00 102.60 52.97
D Be 25 8.5752 5.1717 0.7833 7.30e-3 1.00 101.31 58.26
D Be 30 8.6869 4.9678 0.8221 1.08e-2 1.00 100.35 60.94
D Be 40 8.3485 4.4220 0.8753 1.68e-2 1.00 98.98 63.92
D Be 50 8.4098 4.2438 0.8948 2.09e-2 1.00 98.05 65.35
D Be 70 7.8175 3.6199 0.9330 2.63e-2 1.00 96.82 67.56
D Be 100 7.1106 3.0041 0.9611 3.10e-2 1.00 95.71 69.49
D Be 140 6.6162 2.5702 0.9727 3.32e-2 1.00 94.83 71.06
D Be 200 5.8071 2.0229 0.9890 3.51e-2 1.00 94.04 72.90
D Be 300 5.3019 1.6773 0.9801 3.44e-2 1.00 93.30 74.52
D Be 500 4.7090 1.3205 0.9559 3.24e-2 1.00 92.56 76.70
D Be 1000 4.2992 1.0429 0.8839 2.53e-2 1.00 91.81 80.41
D Be 3000 3.2495 0.4832 0.9270 1.25e-2 1.00 91.05 84.71
T Be 10 11.3143 7.1581 0.5161 1.75e-5 1.00 107.55 54.13
T Be 11 10.9347 6.8942 0.5346 7.08e-5 1.00 106.78 54.50
T Be 12 11.3517 7.0538 0.5714 1.77e-4 1.00 106.10 56.20
T Be 13 11.3297 6.9311 0.5920 3.49e-4 1.00 105.50 57.54
T Be 15 11.8958 7.0949 0.6393 9.03e-4 1.00 104.48 59.55
T Be 17 12.0355 7.0598 0.6734 1.74e-3 1.00 103.73 60.62
T Be 20 12.3549 7.1299 0.7128 3.43e-3 1.00 102.60 61.29
T Be 25 12.2645 6.9111 0.7510 6.83e-3 1.00 101.31 62.12










T Be 30 11.9180 6.5619 0.7738 1.03e-2 1.00 100.35 62.87
T Be 50 10.7247 5.4280 0.8473 2.11e-2 1.00 98.05 65.39
T Be 100 8.7843 3.8375 0.9167 3.27e-2 1.00 95.71 68.86
T Be 200 6.8472 2.5074 0.9558 4.00e-2 1.00 94.04 72.19
T Be 300 6.0145 1.9963 0.9542 4.14e-2 1.00 93.30 73.94
T Be 500 5.1690 1.5181 0.9354 4.05e-2 1.00 92.56 76.25
T Be 1000 4.4884 1.1230 0.8709 3.38e-2 1.00 91.81 80.25
4He Be 11 13.3115 7.4762 0.6483 1.59e-5 0.00 90.00 55.05
4He Be 12 11.3837 5.9236 0.7450 4.18e-5 0.00 90.00 59.11
4He Be 13 11.0954 5.5450 0.8004 8.92e-5 0.00 90.00 60.71
4He Be 15 12.0126 6.1657 0.7756 3.08e-4 0.00 90.00 59.66
4He Be 17 11.0765 5.5593 0.8258 8.21e-4 0.00 90.00 60.43
4He Be 20 11.1672 5.7241 0.8209 2.27e-3 0.00 90.00 59.58
4He Be 25 10.8794 5.6025 0.8297 6.28e-3 0.00 90.00 59.36
4He Be 30 10.6545 5.4832 0.8281 1.16e-2 0.00 90.00 59.39
4He Be 40 9.8918 4.9831 0.8487 2.35e-2 0.00 90.00 60.20
4He Be 50 9.3707 4.6041 0.8623 3.42e-2 0.00 90.00 61.11
4He Be 70 8.5526 3.9849 0.8863 5.03e-2 0.00 90.00 62.89
4He Be 100 7.7207 3.3762 0.9077 6.76e-2 0.00 90.00 64.80
4He Be 140 6.8183 2.7618 0.9309 8.31e-2 0.00 90.00 66.81
4He Be 200 6.1209 2.2840 0.9469 9.60e-2 0.00 90.00 68.75
4He Be 300 5.4354 1.8381 0.9580 1.06e-1 0.00 90.00 70.86
4He Be 400 5.1109 1.6232 0.9604 1.09e-1 0.00 90.00 72.14
4He Be 500 4.7756 1.4360 0.9609 1.10e-1 0.00 90.00 73.20
4He Be 700 4.6688 1.3495 0.9432 1.09e-1 0.00 90.00 74.29
4He Be 1000 4.5214 1.2552 0.9168 1.04e-1 0.00 90.00 75.61
4He Be 2000 3.9996 0.9553 0.8655 8.70e-2 0.00 90.00 79.63
4He Be 3000 2.9548 0.4527 0.9860 6.80e-2 0.00 90.00 81.59
4He Be 5000 2.3689 0.2360 1.0133 5.93e-2 0.00 90.00 83.86
4He Be 10000 2.3184 0.2110 0.9873 4.08e-2 0.00 90.00 85.21
Be Be 12 35.8412 18.6635 0.4936 1.26e-5 3.38 117.96 78.65
Be Be 13 36.3925 19.1900 0.5105 2.14e-5 3.38 117.02 76.76
Be Be 15 36.6304 19.6402 0.5253 5.23e-5 3.38 115.39 74.15
Be Be 17 35.6814 19.3245 0.5289 1.15e-4 3.38 114.03 72.38
Be Be 20 33.7964 18.4992 0.5227 3.05e-4 3.38 112.35 70.38
Be Be 25 30.3372 16.8120 0.5223 1.09e-3 3.38 110.19 67.94
Be Be 30 27.7102 15.5065 0.5251 2.68e-3 3.38 108.55 66.10
Be Be 40 24.3009 13.7865 0.5368 8.41e-3 3.38 106.21 63.58
Be Be 50 22.2057 12.6890 0.5547 1.68e-2 3.38 104.57 62.14
Be Be 70 19.4611 11.1466 0.5914 3.77e-2 3.38 102.39 60.93
Be Be 100 16.6662 9.3775 0.6469 7.00e-2 3.38 100.42 61.30
Be Be 200 12.0795 6.2040 0.7708 1.43e-1 3.38 97.41 64.55
Be Be 300 9.7816 4.6056 0.8401 1.86e-1 3.38 96.06 67.06
Be Be 500 7.6374 3.1692 0.8981 2.33e-1 3.38 94.70 69.96
Be Be 700 6.6434 2.5351 0.9168 2.57e-1 3.38 93.97 71.61
Be Be 1000 5.7378 1.9957 0.9261 2.74e-1 3.38 93.33 73.36
Be Be 3000 4.1459 1.0784 0.8930 2.63e-1 3.38 91.92 79.02
Be Be 5000 3.7580 0.8504 0.8638 2.27e-1 3.38 91.49 81.91










N Be 20 48.9385 26.5720 0.5034 1.30e-5 1.00 102.60 64.91
N Be 25 40.8964 22.5484 0.5362 1.32e-4 1.00 101.31 62.92
N Be 27 39.8702 22.1580 0.5309 2.23e-4 1.00 100.89 62.01
N Be 30 37.4299 20.9914 0.5363 4.97e-4 1.00 100.35 60.99
N Be 40 32.2237 18.4203 0.5534 2.72e-3 1.00 98.98 58.78
N Be 50 27.1013 15.5100 0.5983 7.94e-3 1.00 98.05 58.46
N Be 70 23.2661 13.3500 0.6312 2.53e-2 1.00 96.82 56.99
N Be 100 18.5794 10.4007 0.6958 6.02e-2 1.00 95.71 58.90
N Be 140 14.9483 8.0322 0.7602 1.08e-1 1.00 94.83 60.25
N Be 200 11.8204 5.9812 0.8224 1.72e-1 1.00 94.04 62.81
N Be 500 7.1837 2.9571 0.9262 3.38e-1 1.00 92.56 68.30
N Be 1000 5.3902 1.8661 0.9559 4.48e-1 1.00 91.81 71.80
Ne Be 22 37.8307 19.0105 0.6044 1.54e-5 0.00 90.00 61.56
Ne Be 25 35.8007 18.1513 0.6087 4.73e-5 0.00 90.00 61.02
Ne Be 30 32.6599 16.7384 0.6188 1.99e-4 0.00 90.00 60.35
Ne Be 35 30.1281 15.5617 0.6274 5.66e-4 0.00 90.00 59.88
Ne Be 40 27.8302 14.4241 0.6390 1.28e-3 0.00 90.00 59.64
Ne Be 45 25.8448 13.4144 0.6510 2.44e-3 0.00 90.00 59.52
Ne Be 50 24.3632 12.6735 0.6597 4.08e-3 0.00 90.00 59.37
Ne Be 60 21.5727 11.1858 0.6815 9.11e-3 0.00 90.00 59.47
Ne Be 70 19.3093 9.9345 0.7037 1.63e-2 0.00 90.00 59.79
Ne Be 100 15.1087 7.5705 0.7520 4.51e-2 0.00 90.00 60.82
Ne Be 150 12.1657 5.8694 0.7943 9.80e-2 0.00 90.00 62.20
Ne Be 200 10.3791 4.8187 0.8263 1.50e-1 0.00 90.00 63.45
Ne Be 300 8.4375 3.6736 0.8644 2.40e-1 0.00 90.00 65.34
Ne Be 500 6.6629 2.6321 0.9027 3.72e-1 0.00 90.00 67.84
Ne Be 700 5.8331 2.1425 0.9218 4.58e-1 0.00 90.00 69.49
Ne Be 1000 5.1859 1.7686 0.9333 5.44e-1 0.00 90.00 71.07
Ar Be 30 35.7128 17.2562 0.6278 1.18e-5 0.00 90.00 63.48
Ar Be 35 32.4561 15.7178 0.6419 5.22e-5 0.00 90.00 63.23
Ar Be 40 30.6583 14.9605 0.6464 1.48e-4 0.00 90.00 62.79
Ar Be 45 28.8311 14.1259 0.6530 3.43e-4 0.00 90.00 62.53
Ar Be 50 27.0273 13.2560 0.6634 6.98e-4 0.00 90.00 62.39
Ar Be 60 24.1964 11.8526 0.6801 2.02e-3 0.00 90.00 62.32
Ar Be 70 21.9850 10.7572 0.6948 4.36e-3 0.00 90.00 62.27
Ar Be 100 17.3823 8.3702 0.7353 1.83e-2 0.00 90.00 62.69
Ar Be 150 13.3017 6.1743 0.7841 5.72e-2 0.00 90.00 63.81
Ar Be 200 11.1755 4.9841 0.8183 1.01e-1 0.00 90.00 64.98
Ar Be 300 9.0871 3.8726 0.8510 1.91e-1 0.00 90.00 66.18
Ar Be 500 7.1160 2.7974 0.8891 3.49e-1 0.00 90.00 68.15
Ar Be 700 6.1626 2.2693 0.9109 4.71e-1 0.00 90.00 69.59
Ar Be 1000 5.3790 1.8371 0.9295 6.07e-1 0.00 90.00 71.10










D B 30 9.8225 6.6573 0.7286 1.17e-3 1.00 100.35 49.15
D B 50 7.3199 3.8871 0.9134 6.66e-3 1.00 98.05 63.17
D B 100 6.5102 2.7189 0.9959 1.46e-2 1.00 95.71 69.50
D B 400 5.0009 1.4855 0.9885 2.05e-2 1.00 92.86 75.34
D B 500 5.0131 1.4255 0.9687 1.87e-2 1.00 92.56 76.18
D B 8000 2.9214 0.3459 0.9361 5.43e-3 1.00 90.64 85.95
B B 1000 7.1514 2.8161 0.8867 2.12e-1 5.73 94.33 71.41
B B 2000 5.4626 1.8079 0.9049 2.50e-1 5.73 93.06 74.71
H C 40 19.9809 13.5817 0.8381 9.00e-6 1.00 98.98 49.97
H C 50 12.0758 8.1489 0.7350 1.75e-4 1.00 98.05 48.45
H C 70 5.4383 3.1284 0.9195 1.23e-3 1.00 96.82 58.82
H C 100 3.9021 1.5976 1.0451 2.92e-3 1.00 95.71 69.59
H C 140 4.0027 1.3367 1.0590 4.42e-3 1.00 94.83 73.42
H C 200 3.8151 1.0804 1.0649 5.84e-3 1.00 94.04 75.69
H C 300 3.8086 0.9751 1.0455 7.05e-3 1.00 93.30 77.01
H C 500 4.1077 1.0059 0.9884 6.76e-3 1.00 92.56 78.24
H C 1000 4.4299 1.0578 0.8756 5.68e-3 1.00 91.81 80.93
H C 2000 4.1024 0.8166 0.9397 4.44e-3 1.00 91.28 81.26
D C 30 18.7533 13.3928 0.6303 8.58e-5 1.00 102.60 43.62
D C 40 10.5178 6.5616 0.7465 7.35e-4 1.00 98.98 54.48
D C 50 7.5874 4.1326 0.8655 1.96e-3 1.00 98.05 62.05
D C 70 6.1109 2.7764 0.9695 4.79e-3 1.00 96.82 67.95
D C 100 5.4981 2.1396 1.0110 8.18e-3 1.00 95.71 71.23
D C 140 5.1852 1.8064 1.0205 1.10e-2 1.00 94.83 73.06
D C 200 5.1235 1.6777 1.0074 1.32e-2 1.00 94.04 73.95
D C 300 4.9019 1.4719 0.9931 1.47e-2 1.00 93.30 75.31
D C 350 4.9419 1.4793 0.9963 1.62e-2 1.00 93.06 75.12
D C 500 4.9952 1.4436 0.9320 1.44e-2 1.00 92.56 76.64
D C 1000 4.4895 1.1320 0.8660 1.30e-2 1.00 91.81 80.25
D C 2000 4.5151 1.0312 0.8022 1.02e-1 1.00 91.28 83.72
T C 25 19.6619 13.0973 0.5723 4.70e-5 1.00 101.31 47.74
T C 30 14.1788 8.6868 0.6507 2.44e-4 1.00 100.35 55.39
T C 35 12.8594 7.3628 0.7278 6.90e-4 1.00 99.59 60.04
T C 40 10.8275 5.8369 0.7969 1.23e-3 1.00 98.98 63.13
T C 50 9.4042 4.6780 0.8682 2.76e-3 1.00 98.05 66.04
T C 70 7.8716 3.4803 0.9388 6.05e-3 1.00 96.82 69.07
T C 100 7.3284 2.9473 0.9618 9.44e-3 1.00 95.71 70.90
T C 140 6.5713 2.4171 0.9798 1.28e-2 1.00 94.83 72.35
T C 200 6.2607 2.1538 0.9746 1.54e-2 1.00 94.04 73.39
T C 300 5.9195 1.9209 0.9502 1.75e-2 1.00 93.30 74.51
T C 500 5.4224 1.6330 0.9126 1.87e-2 1.00 92.56 76.23
T C 1000 5.0328 1.3613 0.8358 1.68e-2 1.00 91.81 79.77










4He C 25 14.6404 8.8559 0.6282 4.20e-5 0.00 90.00 50.27
4He C 27 12.0307 6.8705 0.7074 1.00e-4 0.00 90.00 54.32
4He C 30 13.1803 7.2609 0.7109 2.40e-4 0.00 90.00 56.28
4He C 35 10.6979 5.5485 0.7917 7.20e-4 0.00 90.00 59.15
4He C 40 9.2954 4.4707 0.8724 1.50e-3 0.00 90.00 61.85
4He C 50 8.8544 4.1314 0.8858 3.83e-3 0.00 90.00 62.85
4He C 60 8.2705 3.7475 0.8993 6.84e-3 0.00 90.00 63.74
4He C 70 7.7165 3.3800 0.9141 1.01e-2 0.00 90.00 64.69
4He C 100 7.0586 2.8816 0.9323 1.83e-2 0.00 90.00 66.58
4He C 140 6.5107 2.4872 0.9451 2.63e-2 0.00 90.00 68.19
4He C 200 6.0474 2.1599 0.9522 3.45e-2 0.00 90.00 69.73
4He C 300 5.5877 1.8616 0.9536 4.28e-2 0.00 90.00 71.26
4He C 400 5.2835 1.6741 0.9516 4.75e-2 0.00 90.00 72.34
4He C 500 5.0843 1.5587 0.9464 5.05e-2 0.00 90.00 73.10
4He C 700 5.0583 1.5204 0.9217 5.17e-2 0.00 90.00 73.97
4He C 1000 4.6895 1.3191 0.9059 5.19e-2 0.00 90.00 75.61
4He C 2000 4.5101 1.1834 0.8292 4.69e-2 0.00 90.00 79.01
4He C 3000 4.0905 0.9440 0.8126 4.24e-2 0.00 90.00 81.98
4He C 5000 3.7153 0.7059 0.7928 3.40e-2 0.00 90.00 85.98
4He C 10000 2.6820 0.2986 0.9802 2.43e-2 0.00 90.00 91.35
4He C 20000 2.0022 0.1082 1.0128 1.66e-2 0.00 90.00 86.45
C C 30 42.3520 22.5877 0.5107 1.83e-5 7.41 116.43 75.33
C C 40 37.6060 20.3491 0.5157 1.35e-4 7.41 113.29 71.99
C C 50 32.0236 17.1592 0.5118 5.21e-4 7.41 111.06 71.44
C C 70 26.5068 14.2187 0.5267 2.57e-3 7.41 108.02 69.37
C C 100 22.0310 11.8066 0.5552 8.84e-3 7.41 105.23 67.62
C C 140 18.7261 9.9820 0.5946 2.13e-2 7.41 102.96 66.50
C C 200 15.8273 8.2671 0.6395 4.14e-2 7.41 100.90 66.38
C C 300 13.1991 6.6409 0.6938 7.16e-2 7.41 98.93 66.97
C C 500 10.5675 4.9405 0.7630 1.16e-1 7.41 96.94 68.62
C C 1000 7.7788 3.1823 0.8291 1.78e-1 7.41 94.92 71.47
C C 300 13.0293 6.6396 0.7021 8.05e-2 7.40 98.93 66.24
C C 1000 8.0328 3.4041 0.7226 1.79e-1 7.40 94.92 71.84
C C 3000 4.9485 1.5045 0.7311 2.49e-1 7.40 92.85 81.25
N C 40 46.4143 25.1992 0.5238 1.81e-5 1.00 98.98 62.64
N C 50 41.1533 22.6413 0.5434 1.23e-4 1.00 98.05 61.08
N C 70 33.5042 18.5624 0.5864 1.11e-3 1.00 96.82 59.92
N C 100 26.2400 14.2958 0.6513 5.53e-3 1.00 95.71 60.43
N C 140 20.3476 10.7156 0.7195 1.63e-2 1.00 94.83 61.73
N C 200 15.5449 7.7646 0.7867 3.68e-2 1.00 94.04 63.53
N C 300 11.9070 5.5403 0.8432 6.94e-2 1.00 93.30 65.56
N C 500 8.9090 3.7472 0.8908 1.21e-1 1.00 92.56 68.04
N C 1000 6.7186 2.4884 0.9106 1.96e-1 1.00 91.81 70.84
N C 15000 3.1017 0.5614 0.9345 2.64e-1 1.00 90.47 81.85
N C 30000 2.4599 0.3007 0.9258 2.15e-1 1.00 90.33 85.79










Ne C 45 42.4911 21.3692 0.6065 1.07e-5 0.00 90.00 61.50
Ne C 50 39.2571 19.9517 0.6096 3.41e-5 0.00 90.00 60.88
Ne C 60 34.9544 17.7437 0.6312 1.48e-4 0.00 90.00 60.82
Ne C 70 30.5197 15.4178 0.6536 4.59e-4 0.00 90.00 60.95
Ne C 100 23.0552 11.4059 0.7070 3.25e-3 0.00 90.00 61.66
Ne C 140 17.8207 8.5421 0.7551 1.18e-2 0.00 90.00 62.74
Ne C 200 13.9445 6.4094 0.7992 3.03e-2 0.00 90.00 64.05
Ne C 300 10.9291 4.7545 0.8387 6.50e-2 0.00 90.00 65.64
Ne C 500 8.4196 3.3744 0.8761 1.26e-1 0.00 90.00 67.77
Ne C 1000 6.3131 2.2510 0.9033 2.32e-1 0.00 90.00 70.51
Ne C 2000 5.1757 1.6622 0.9003 3.36e-1 0.00 90.00 73.01
Ne C 5000 4.3556 1.2290 0.8572 4.16e-1 0.00 90.00 76.75
Ne C 10000 3.6410 0.8456 0.8528 4.21e-1 0.00 90.00 80.50
Ne C 20000 2.8697 0.4814 0.8953 3.81e-1 0.00 90.00 83.58
Ar C 70 33.8798 16.4564 0.6471 6.64e-5 0.00 90.00 63.02
Ar C 100 26.2324 12.6103 0.6901 8.27e-4 0.00 90.00 63.14
Ar C 140 20.3486 9.5425 0.7354 4.62e-3 0.00 90.00 63.83
Ar C 200 15.8749 7.1967 0.7784 1.66e-2 0.00 90.00 64.78
Ar C 300 12.3051 5.3108 0.8200 4.54e-2 0.00 90.00 66.11
Ar C 500 9.2928 3.7250 0.8616 1.09e-1 0.00 90.00 67.95
Ar C 1000 6.6196 2.3464 0.9035 2.47e-1 0.00 90.00 70.65
Ar C 30000 2.4175 0.3179 0.9919 8.57e-1 0.00 90.00 82.69
Xe C 150 30.7260 13.6835 0.6070 4.50e-5 0.00 90.00 67.97
Xe C 170 29.2745 12.9894 0.6384 1.24e-4 0.00 90.00 67.57
Xe C 200 25.3437 11.1859 0.6259 4.15e-4 0.00 90.00 68.05
Xe C 250 22.4002 9.7749 0.6740 1.70e-3 0.00 90.00 67.72
Xe C 300 19.5075 8.3043 0.7070 4.24e-3 0.00 90.00 68.20
Xe C 500 13.2878 5.3847 0.7239 2.76e-2 0.00 90.00 69.80
Xe C 1000 8.5390 3.0860 0.7752 1.27e-1 0.00 90.00 72.57
Xe C 3000 5.1292 1.4472 0.7645 4.66e-1 0.00 90.00 79.52
Xe C 10000 3.8051 0.8756 0.9244 1.02e-0 0.00 90.00 78.55
Xe C 30000 2.4297 0.3057 1.0023 1.46e-0 0.00 90.00 82.70
Xe C 100000 1.9300 0.1564 1.0042 1.69e-0 0.00 90.00 85.21
Ar Al 100 14.7601 8.5471 0.6703 1.17e-1 0.00 90.00 53.34
Ar Al 500 6.7055 3.4612 0.8024 9.10e-1 0.00 90.00 59.33
Ar Al 1000 5.4733 2.5849 0.8298 1.37e-0 0.00 90.00 62.79
Ar Al 1050 4.4893 1.7504 0.8913 1.17e-0 0.00 90.00 68.35
Ar Al 10000 3.3890 1.0004 0.8667 2.39e-0 0.00 90.00 75.57
D Si 30 44.6047 26.3734 0.3164 1.52e-4 1.00 100.35 52.21
D Si 50 25.2643 14.1721 0.5693 3.09e-3 1.00 98.05 59.73
D Si 100 12.7099 6.0832 0.6848 1.15e-2 1.00 95.71 67.42
D Si 500 6.3060 2.0569 0.8725 2.48e-2 1.00 92.56 75.30
D Si 1000 4.6790 1.2020 0.8521 2.36e-2 1.00 91.81 80.31
4He Si 200 3.3626 1.1091 0.9879 7.68e-2 0.00 90.00 70.92
4He Si 2000 2.3967 0.4284 0.9844 1.08e-1 0.00 90.00 80.12
4He Si 3000 2.5727 0.4683 0.9532 9.56e-2 0.00 90.00 80.80
Ar Si 4500 3.1385 0.8328 0.9440 1.28e-0 0.00 90.00 75.79










Si Si(KrC) 200 11.0479 6.1405 0.6299 2.13e-1 4.70 98.72 61.01
Si Si(Mol) 200 10.5874 6.1453 0.6210 2.86e-1 4.70 98.72 58.02
Si Si(ZBL) 200 11.0834 5.9494 0.6393 1.73e-1 4.70 98.72 63.26
Si Si(SiSi) 200 7.9001 3.8139 0.6017 1.70e-1 4.70 98.72 65.35
Si Si 500 7.4656 3.6011 0.8032 4.40e-1 4.70 95.54 65.97
Si Si 2000 4.7498 1.8181 0.8645 8.96e-1 4.70 92.78 71.39
He Ti 100000 1.9229 0.1065 0.9665 1.63e-2 0.00 90.00 88.09
Ne Ti 38 7.8592 4.0707 0.8577 1.12e-2 0.00 90.00 59.06
Ne Ti 380 4.1989 1.9114 0.9136 5.33e-1 0.00 90.00 63.48
Ne Ti 3800 3.3212 1.1093 0.8712 1.08e-0 0.00 90.00 72.68
Ar Ti 1050 3.9753 1.6427 0.8942 1.12e-0 0.00 90.00 66.65
Ar Ti 150000 1.7921 0.1849 0.9639 1.24e-0 0.00 90.00 85.29
Ar Ti 900000 1.4988 0.0650 0.9866 6.30e-1 0.00 90.00 88.02
H V 100 4.3828 3.2190 0.8990 1.01e-4 1.00 95.71 43.98
H V 120 3.3311 2.2723 0.9700 4.49e-4 1.00 95.22 49.41
H V 140 2.8610 1.8516 0.9921 1.03e-3 1.00 94.83 52.28
H V 200 2.1946 1.0807 1.0293 3.09e-3 1.00 94.04 63.12
H V 400 2.0664 0.5226 1.0687 7.87e-3 1.00 92.86 76.39
H V 1000 2.3097 0.3954 1.0493 1.04e-2 1.00 91.81 80.48
H V 3000 2.3607 0.2866 1.0250 8.30e-3 1.00 91.05 83.24
H V 10000 2.6833 0.3268 0.9415 4.88e-3 1.00 90.57 85.48
D V 55 5.1320 4.2287 0.8769 2.54e-4 1.00 97.68 34.89
D V 60 4.7591 3.8345 0.8881 5.51e-4 1.00 97.36 37.10
D V 70 4.0378 3.1247 0.9217 1.47e-3 1.00 96.82 40.94
D V 100 2.8895 1.8739 0.9819 5.49e-3 1.00 95.71 52.57
D V 200 1.9899 0.6708 1.0998 1.70e-2 1.00 94.04 72.10
D V 500 2.4386 0.5933 1.0536 2.68e-2 1.00 92.56 76.97
D V 1000 2.3231 0.4408 1.0423 2.85e-2 1.00 91.81 79.60
D V 3000 2.3990 0.3768 0.9870 2.31e-2 1.00 91.05 82.28
D V 10000 2.3706 0.2715 0.9614 1.24e-2 1.00 90.57 85.23
T V 40 6.3376 5.3953 0.8382 3.49e-4 1.00 98.98 31.03
T V 50 4.7448 3.8690 0.8969 1.79e-3 1.00 98.05 36.46
T V 70 3.5720 2.5052 0.9398 6.60e-3 1.00 96.82 48.19
T V 100 2.4950 1.3038 1.0454 1.43e-2 1.00 95.71 62.15
T V 300 2.7891 0.8677 1.0445 3.78e-2 1.00 93.30 73.79
T V 1000 2.3834 0.4768 1.0372 4.53e-2 1.00 91.81 79.14
T V 3000 2.3246 0.3700 0.9891 3.71e-2 1.00 91.05 82.10
T V 10000 2.2078 0.2396 0.9737 2.03e-2 1.00 90.57 85.17
4He V 35 1.7453 2.6763 0.9355 5.04e-4 0.00 90.00 0.00
4He V 40 2.1705 2.6154 0.9342 1.63e-3 0.00 90.00 0.00
4He V 50 2.5628 2.4407 0.9078 5.65e-3 0.00 90.00 15.76
4He V 70 1.9394 1.4203 0.9787 1.68e-2 0.00 90.00 42.65
4He V 100 2.2659 1.2170 1.0013 3.35e-2 0.00 90.00 57.51
4He V 300 2.6903 0.9304 1.0086 8.98e-2 0.00 90.00 69.65
4He V 1000 2.2475 0.5217 1.0161 1.24e-1 0.00 90.00 76.23
4He V 3000 2.1180 0.3668 1.0015 1.17e-1 0.00 90.00 79.99
4He V 10000 1.9835 0.2272 0.9958 7.55e-2 0.00 90.00 83.55










H Fe 4000 2.2066 0.2560 1.0265 1.22e-2 1.00 90.49 82.98
H Fe 8000 2.3317 0.2544 0.9961 8.87e-3 1.00 90.64 84.46
H Ni 150 3.2117 2.2893 0.9835 2.00e-3 1.00 94.67 46.65
H Ni 200 2.7207 1.6060 1.0171 4.30e-3 1.00 94.04 56.30
H Ni 400 2.1098 0.6960 0.9564 1.16e-2 1.00 92.86 73.69
H Ni 450 1.8895 0.4824 1.0956 1.42e-2 1.00 92.70 75.64
H Ni 1000 2.0731 0.3479 1.0856 1.52e-2 1.00 91.81 79.80
H Ni 4000 2.5028 0.3836 0.9871 1.33e-2 1.00 90.91 82.38
H Ni 8000 2.3038 0.2492 1.0029 9.39e-3 1.00 90.64 84.29
H Ni 50000 1.7324 0.0610 1.0093 2.70e-3 1.00 90.26 87.89
D Ni 1000 2.2389 0.4761 1.0506 4.51e-2 1.00 91.81 78.13
D Ni 4000 1.9552 0.2335 1.0325 3.34e-2 1.00 90.91 83.00
D Ni 8000 2.0430 0.2136 1.0102 2.37e-2 1.00 90.64 84.27
4He Ni 100 2.0241 1.3441 0.9916 5.47e-2 0.00 90.00 48.32
4He Ni 500 2.5267 0.8794 1.0066 1.68e-1 0.00 90.00 69.54
4He Ni 1000 2.4668 0.7284 0.9950 1.90e-1 0.00 90.00 72.91
4He Ni 4000 1.9873 0.3420 1.0072 1.67e-1 0.00 90.00 79.90
4He Ni 8000 2.0723 0.3149 0.9841 1.32e-1 0.00 90.00 81.72
4He Ni 100000 1.8360 0.0921 0.9937 2.23e-2 0.00 90.00 87.36
Ne Ni 1000 4.7811 2.7093 0.7414 1.47e-0 0.00 90.00 54.86
Ar Ni 40 20.4675 11.2697 0.6240 2.88e-3 0.00 90.00 56.17
Ar Ni 50 14.8926 8.1426 0.7142 1.20e-2 0.00 90.00 56.68
Ar Ni 70 10.5289 5.9310 0.7567 5.35e-2 0.00 90.00 55.22
Ar Ni 100 7.6304 4.4032 0.7971 1.53e-1 0.00 90.00 54.13
Ar Ni 290 5.5978 3.4646 0.7233 7.65e-1 0.00 90.00 49.79
Ar Ni(ZBL) 290 5.1631 3.2541 0.7388 7.80e-1 0.00 90.00 48.85
Ar Ni 300 5.0306 2.9919 0.8059 7.78e-1 0.00 90.00 52.63
Ar Ni 1000 3.9887 2.1644 0.7780 1.97e-0 0.00 90.00 57.09
Ar Ni 3000 2.8656 1.1258 0.9315 2.81e-0 0.00 90.00 67.63
Ar Ni 30000 1.9547 0.3494 0.9924 3.23e-0 0.00 90.00 79.90
Ni Ni 100 14.1078 8.8411 0.5677 1.13e-1 4.46 101.92 53.21
Ni Ni 500 5.8343 3.5339 0.8012 1.24e-0 4.46 95.40 54.74
Ni Ni 1000 4.8757 2.7113 0.8474 2.03e-0 4.46 93.82 58.40
Ni Ni 2500 3.9820 1.8894 0.8896 2.90e-0 4.46 92.42 63.91
Ni Ni 5000 3.4691 1.4129 0.9121 3.74e-0 4.46 91.71 68.14
Ni Ni 10000 2.6717 0.8456 0.9678 4.34e-0 4.46 91.21 73.05
Kr Ni 45000 2.7039 0.6843 0.9179 5.61e-0 0.00 90.00 77.21










H Cu 50000 1.9195 0.0855 1.0004 3.01e-3 1.00 90.26 87.68
D Cu 50 4.4937 4.2207 0.8591 1.47e-3 1.00 98.05 18.41
D Cu 100 1.7910 1.2622 1.0565 1.64e-2 1.00 95.71 48.67
D Cu 300 2.1337 0.6577 1.1002 4.34e-2 1.00 93.30 70.56
D Cu 1000 2.1945 0.4894 1.0319 5.39e-2 1.00 91.81 76.41
D Cu 3000 2.6275 0.5238 0.9010 3.93e-2 1.00 91.05 81.26
D Cu 10000 2.2766 0.2868 0.9299 2.47e-2 1.00 90.57 85.09
4He Cu 1000 2.3431 0.6903 0.9933 2.30e-1 0.00 90.00 72.98
Ne Cu 1000 2.5361 1.1735 0.9540 1.84e-0 0.00 90.00 62.70
Ne Cu 45000 2.0420 0.3165 0.9773 1.62e-0 0.00 90.00 81.74
Ar Cu 16 23.7198 11.9382 0.6384 2.12e-5 0.00 90.00 61.24
Ar Cu 18 22.1882 11.3333 0.6891 7.78e-5 0.00 90.00 60.20
Ar Cu 20 21.4383 11.0751 0.6527 1.80e-4 0.00 90.00 59.76
Ar Cu 25 19.9619 10.5883 0.6529 8.40e-4 0.00 90.00 58.33
Ar Cu 30 17.3814 9.4935 0.6603 3.12e-3 0.00 90.00 56.69
Ar Cu 40 14.1287 8.0673 0.6709 1.54e-2 0.00 90.00 54.17
Ar Cu 50 11.7916 6.8970 0.6891 3.96e-2 0.00 90.00 52.86
Ar Cu 100 5.8601 3.5052 0.8223 2.71e-1 0.00 90.00 52.43
Ar Cu 300 3.4966 2.0419 0.8881 1.05e-0 0.00 90.00 53.90
Ar Cu 1050 2.8705 1.4081 0.9193 2.45e-0 0.00 90.00 60.93
Ar Cu 20000 2.4430 0.6188 0.9469 3.99e-0 0.00 90.00 76.49
Ar Cu 27000 2.4527 0.5926 0.9391 3.90e-0 0.00 90.00 77.43
Ar Cu 30000 2.5535 0.6295 0.9259 3.84e-0 0.00 90.00 77.44
Ar Cu 37000 2.6151 0.6326 0.9153 3.68e-0 0.00 90.00 78.01
Ar Cu 100000 2.3985 0.4287 0.9369 2.93e-0 0.00 90.00 81.47
Ar Cu 300000 2.1945 0.2936 0.9252 2.05e-0 0.00 90.00 84.76
Ar Cu 1000000 1.7152 0.1116 0.9744 1.17e-0 0.00 90.00 87.20
Cu Cu 20 32.1005 17.5504 0.5452 1.90e-4 3.52 112.76 70.78
Cu Cu 50 18.4043 10.9887 0.5362 2.45e-2 3.52 104.86 58.42
Cu Cu 100 12.6246 8.0725 0.5792 1.87e-1 3.52 100.63 51.08
Cu Cu 300 6.5005 4.0702 0.7677 9.47e-1 3.52 96.18 52.93
Cu Cu 1000 4.0103 2.1565 0.8836 2.40e-0 3.52 93.40 59.67
Cu Cu 3000 3.4447 1.5309 0.9067 3.80e-0 3.52 91.96 65.70
Cu Cu 10000 3.1653 1.1604 0.8892 5.14e-0 3.52 91.07 70.87
Cu Cu 100000 2.7838 0.6638 0.9178 4.66e-0 3.52 90.34 78.47
Kr Cu 1050 3.5413 1.7566 0.8719 2.50e-0 0.00 90.00 60.71
Kr Cu 45000 2.0693 0.4034 0.9762 6.65e-0 0.00 90.00 79.37
Xe Cu 550 4.4365 2.2223 0.8477 1.37e-0 0.00 90.00 60.43
Xe Cu 1050 3.9040 1.8736 0.8561 2.31e-0 0.00 90.00 62.02
Xe Cu 1500 3.8896 1.8648 0.8579 2.32e-0 0.00 90.00 62.05
Xe Cu 2050 3.5977 1.6054 0.8667 3.48e-0 0.00 90.00 64.51
Xe Cu 5000 2.8734 1.0386 0.9247 5.17e-0 0.00 90.00 69.84
Xe Cu 9500 2.8168 0.9214 0.9274 6.33e-0 0.00 90.00 72.10
Xe Cu 30000 2.6217 0.7036 0.9293 8.10e-0 0.00 90.00 75.93
Xe Cu 50000 2.1291 0.4332 0.9697 8.70e-0 0.00 90.00 79.03










Ga Ga 100 11.5816 7.0037 0.6206 2.37e-1 2.97 99.78 55.67
Ga Ga 150 9.1207 5.4708 0.6617 4.43e-1 2.97 98.01 55.69
Ga Ga 200 7.9098 4.6934 0.6991 6.33e-1 2.97 96.95 56.11
Ga Ga 300 6.5454 3.7692 0.7209 9.46e-1 2.97 95.68 57.32
Ga Ga 900 4.6037 2.3725 0.7691 2.08e-0 2.97 93.29 61.67
Ga Ga 1000 4.4426 2.2574 0.7917 2.22e-0 2.97 93.12 62.13
Ar Zr 1050 3.1470 1.2965 0.9014 1.00e-0 0.00 90.00 66.66
Ar Zr 150000 1.9591 0.2715 0.9305 1.28e-0 0.00 90.00 84.26
Ar Zr 900000 1.5211 0.0854 0.9871 6.60e-1 0.00 90.00 87.25
D Nb 12200 2.3944 0.2938 0.9234 8.91e-3 1.00 90.52 86.03
He Nb 36500 2.1121 0.2220 0.9265 3.25e-2 0.00 90.00 86.55
Nb Nb 60000 3.1234 0.9023 0.8518 3.86e-0 7.59 90.64 76.94
H Mo 230 2.5308 1.5589 0.9749 6.45e-5 1.00 93.77 54.02
H Mo 250 2.4814 1.4465 0.9794 1.36e-4 1.00 93.62 56.47
H Mo 300 1.9363 1.0499 1.0147 4.51e-4 1.00 93.30 59.26
H Mo 400 1.7189 0.7725 1.0282 1.32e-3 1.00 92.86 65.13
H Mo 700 1.4682 0.3142 1.0664 3.72e-3 1.00 92.16 78.02
H Mo 1400 1.8628 0.2690 1.0462 5.79e-3 1.00 91.53 81.76
H Mo 2000 1.8885 0.2330 1.0410 5.99e-3 1.00 91.28 82.88
H Mo 3000 2.0833 0.2444 1.0274 6.04e-3 1.00 91.05 83.28
H Mo 4000 2.2339 0.2605 1.0147 5.55e-3 1.00 90.91 83.69
H Mo 7000 2.4427 0.2922 0.9822 4.82e-3 1.00 90.68 84.32
H Mo 8000 2.4361 0.2873 0.9759 4.70e-3 1.00 90.64 84.78
H Mo 50000 2.2285 0.1283 0.9825 1.36e-3 1.00 90.26 87.59










D Mo 110 3.6499 2.6095 0.9457 4.86e-5 1.00 95.45 46.36
D Mo 120 3.2952 2.3286 0.9466 1.57e-4 1.00 95.22 47.01
D Mo 200 1.9634 1.1456 1.0224 2.83e-4 1.00 94.04 56.81
D Mo 300 1.4416 0.5467 1.0712 6.97e-3 1.00 93.30 69.42
D Mo 450 1.4557 0.3418 1.0933 1.14e-2 1.00 92.70 76.80
D Mo 2000 2.0337 0.3153 1.0220 1.84e-2 1.00 91.28 81.62
D Mo 8000 2.0631 0.2276 0.9909 1.36e-2 1.00 90.64 84.55
D Mo 50000 2.1611 0.1359 0.9794 3.50e-3 1.00 90.26 87.40
D Mo 100000 1.8823 0.0773 0.9826 2.50e-3 1.00 90.18 88.49
T Mo 75 5.7190 4.3244 0.8477 4.99e-5 1.00 96.59 41.28
T Mo 80 4.4191 3.3686 0.8953 1.40e-4 1.00 96.38 41.46
T Mo 90 3.7017 2.7864 0.9114 4.73e-4 1.00 96.02 42.54
T Mo 100 3.0735 2.2637 0.9516 1.00e-3 1.00 95.71 44.59
T Mo 170 1.9057 1.0592 1.0260 6.88e-3 1.00 94.39 59.00
T Mo 300 1.5224 0.4495 1.0976 1.66e-2 1.00 93.30 73.90
T Mo 1000 1.9541 0.3696 1.0454 3.03e-2 1.00 91.81 79.57
T Mo 3000 1.8690 0.2429 1.0270 3.03e-2 1.00 91.05 82.70
T Mo 10000 1.9745 0.2106 0.9852 2.09e-2 1.00 90.57 84.89
3He Mo 90 2.2907 2.0843 0.9297 4.75e-4 0.00 90.00 22.98
3He Mo 100 2.2428 1.9581 0.9243 1.12e-3 0.00 90.00 27.62
3He Mo 140 1.6236 1.2028 0.9934 5.50e-3 0.00 90.00 42.11
3He Mo 300 1.4534 0.5258 1.0395 2.59e-2 0.00 90.00 68.31
3He Mo 1000 1.8915 0.4184 1.0215 5.66e-2 0.00 90.00 76.74
3He Mo 3000 1.9766 0.3390 1.0012 6.41e-2 0.00 90.00 80.09
3He Mo 10000 1.8416 0.2120 0.9975 5.29e-2 0.00 90.00 83.47
4He Mo 70 2.1772 2.1982 0.9302 4.82e-4 0.00 90.00 0.00
4He Mo 80 2.3636 2.1575 0.9161 1.44e-3 0.00 90.00 22.26
4He Mo 100 1.6240 1.4009 0.9877 4.56e-3 0.00 90.00 30.15
4He Mo 140 1.4173 0.9332 1.0098 1.28e-2 0.00 90.00 48.90
4He Mo 1500 1.9254 0.3901 1.0151 8.56e-2 0.00 90.00 77.95
4He Mo 4000 2.0918 0.3877 0.9785 8.73e-2 0.00 90.00 79.89
4He Mo 8000 2.0587 0.3226 0.9598 7.73e-2 0.00 90.00 82.17
4He Mo 50000 1.8652 0.1239 0.9958 2.64e-2 0.00 90.00 86.34
4He Mo 100000 1.9021 0.1135 0.9788 1.67e-2 0.00 90.00 87.36
Ar Mo 160 4.8275 2.6130 0.8934 2.12e-1 0.00 90.00 57.22
Ar Mo 1601 3.1027 1.3279 0.9136 1.37e-0 0.00 90.00 65.40
Ar Mo 16010 2.9182 0.9421 0.8367 2.23e-0 0.00 90.00 74.24
Ar Mo 27500 1.7967 0.3351 0.9851 2.52e-0 0.00 90.00 79.64
Mo Mo 300 10.1673 5.9485 0.6592 3.15e-1 6.83 98.58 57.67
Mo Mo 350 9.4843 5.5342 0.6670 3.90e-1 6.83 97.95 57.34
Mo Mo 1000 5.9822 3.2443 0.7442 1.12e-0 6.83 94.72 60.11
Mo Mo 2000 4.7935 2.4008 0.7783 1.76e-0 6.83 93.34 62.97
Xe Mo 9500 3.3127 1.2332 0.8500 3.77e-0 0.00 90.00 70.26
Xe Mo 30000 2.9323 0.8811 0.8899 4.96e-0 0.00 90.00 74.66










Ar Pd 1050 2.3568 1.1640 0.9286 2.32e-0 0.00 90.00 60.65
D Ag 100 1.6699 1.1575 0.9596 6.25e-3 0.00 90.00 45.70
Ne Ag 45000 2.1511 0.4426 0.9044 2.10e-0 0.00 90.00 80.73
Na Ag 30000 2.2411 0.4338 0.7345 2.34e-0 0.00 90.00 88.48
Ar Ag 1050 2.1556 1.0385 0.9298 2.82e-0 0.00 90.00 61.50
Ar Ag 150000 2.2567 0.4090 0.9091 3.50e-0 0.00 90.00 82.21
Ar Ag 900000 1.6226 0.1125 0.9708 1.56e-0 0.00 90.00 87.08
K Ag 30000 2.5838 0.7509 0.8372 4.76e-0 0.00 90.00 76.65
Kr Ag 45000 2.6001 0.7415 0.8747 8.56e-0 0.00 90.00 76.09
H In 2000 2.1191 0.3247 0.9816 1.65e-2 1.00 91.28 82.88
In In 100 9.7358 5.6869 0.6304 2.97e-1 2.52 99.02 57.82
In In 200 6.8624 3.9483 0.6930 7.49e-1 2.52 96.40 57.66
In In 1000 3.8772 1.9659 0.7756 2.76e-0 2.52 92.87 62.12
H Ta 25000 2.2410 0.1662 0.9913 1.95e-3 1.00 90.36 86.39
4He Ta 100000 1.8527 0.1291 0.9751 2.05e-2 0.00 90.00 86.90
Ne Ta 45000 2.0106 0.4231 0.9077 1.04e-0 0.00 90.00 80.32
Ar Ta 1050 2.4778 1.1269 0.9297 9.69e-1 0.00 90.00 63.40
Kr Ta 45000 2.3799 0.7121 0.8775 5.01e-0 0.00 90.00 75.03
H W 500 2.5871 1.3240 0.9573 1.18e-5 1.00 92.56 60.99
H W 550 2.0951 1.0881 0.9637 4.25e-5 1.00 92.44 60.36
H W 600 2.1147 1.0569 0.9534 8.88e-5 1.00 92.34 61.71
H W 700 1.5690 0.7245 0.9963 2.42e-4 1.00 92.16 64.02
H W 800 1.9786 0.8800 0.9555 4.18e-4 1.00 92.02 65.34
H W 900 1.3549 0.5469 0.9980 6.72e-4 1.00 91.91 67.62
H W 1000 1.3708 0.4824 1.0067 8.64e-4 1.00 91.81 70.70
H W 2000 1.3195 0.1490 1.0566 2.42e-3 1.00 91.28 83.01
H W 4000 1.7762 0.1779 1.0283 3.46e-3 1.00 90.91 84.21
D W 250 4.2860 2.9471 0.7250 2.34e-5 1.00 93.62 44.77
D W 270 2.6708 1.6256 0.9398 7.63e-5 1.00 93.48 54.23
D W 300 2.0195 1.1760 0.9927 2.08e-4 1.00 93.30 56.36
D W 350 1.9721 1.1169 0.9762 5.98e-4 1.00 93.06 57.35
D W 400 1.6044 0.8545 1.0054 1.11e-3 1.00 92.86 59.65
D W 500 1.3909 0.6348 1.0216 2.20e-3 1.00 92.56 64.51
D W 600 0.9409 0.3319 1.0655 3.39e-3 1.00 92.34 70.32
D W 700 1.1523 0.3351 1.0523 4.22e-3 1.00 92.16 73.95
D W 1000 1.1544 0.1901 1.0824 6.55e-3 1.00 91.81 80.04
T W 170 4.0524 2.7547 0.8673 3.77e-5 1.00 94.39 48.03
T W 180 2.0906 1.4464 0.9946 9.81e-5 1.00 94.26 48.35
T W 200 2.1916 1.4650 0.9693 3.03e-4 1.00 94.04 49.93
T W 250 1.6394 1.0231 1.0104 1.23e-3 1.00 93.62 53.51
T W 300 1.5437 0.8764 1.0206 2.41e-3 1.00 93.30 57.48
T W 400 1.2873 0.5691 1.0391 4.89e-3 1.00 92.86 65.52
T W 500 1.1505 0.3777 1.0626 7.22e-3 1.00 92.56 71.95
T W 700 1.0887 0.2120 1.0927 1.11e-2 1.00 92.16 78.51
T W 1000 1.1499 0.1573 1.1050 1.49e-2 1.00 91.81 80.97










4He W 130 3.9913 3.1578 0.8285 3.21e-5 0.00 90.00 34.58
4He W 140 3.2148 2.5337 0.8598 1.32e-4 0.00 90.00 35.53
4He W 150 2.0005 1.6150 0.9398 3.10e-4 0.00 90.00 35.12
4He W 170 2.0656 1.6420 0.9004 9.50e-4 0.00 90.00 35.63
4He W 200 1.2584 0.9604 0.9999 2.33e-3 0.00 90.00 40.25
4He W 250 1.1950 0.8161 1.0037 5.42e-3 0.00 90.00 49.96
4He W 300 1.1907 0.6873 1.0087 8.61e-3 0.00 90.00 54.77
4He W 350 0.9696 0.4845 1.0304 1.21e-2 0.00 90.00 59.94
4He W 400 1.2471 0.5171 1.0235 1.47e-2 0.00 90.00 65.30
4He W 500 1.1760 0.3783 1.0397 2.03e-2 0.00 90.00 70.65
4He W 600 1.3199 0.3561 1.0396 2.42e-2 0.00 90.00 73.61
4He W 700 1.2670 0.3010 1.0461 2.88e-2 0.00 90.00 75.30
4He W 1000 1.4993 0.3257 1.0302 3.78e-2 0.00 90.00 76.77
4He W 1400 1.6342 0.3388 1.0143 4.57e-2 0.00 90.00 77.70
4He W 2000 1.7995 0.3688 0.9903 5.15e-2 0.00 90.00 78.41
4He W 5000 2.0005 0.3776 0.9353 5.91e-2 0.00 90.00 80.91
4He W 10000 2.0468 0.3395 0.8989 5.63e-2 0.00 90.00 83.58
4He W 20000 1.5332 0.1238 1.0084 4.78e-2 0.00 90.00 85.08
4He W 50000 1.6774 0.1195 0.9966 3.23e-2 0.00 90.00 86.03
N W 48 2.9557 5.8879 0.9465 1.82e-5 1.00 98.21 0.00
N W 50 1.7735 4.3144 0.9468 5.70e-5 1.00 98.05 0.00
N W 52 1.2707 3.6458 0.8840 1.35e-4 1.00 97.90 0.00
N W 55 1.1002 3.3751 0.9604 3.60e-4 1.00 97.68 0.00
N W 60 0.4622 2.5095 1.0118 9.73e-4 1.00 97.36 0.00
N W 70 3.5011 4.1573 0.8630 3.26e-3 1.00 96.82 0.00
N W 80 2.7960 3.4029 0.8841 7.00e-3 1.00 96.38 0.00
N W 90 2.1152 2.6541 0.9226 1.17e-2 1.00 96.02 0.00
N W 100 1.7312 2.1735 0.9489 1.72e-2 1.00 95.71 0.00
N W 120 1.6230 1.6737 1.0004 2.77e-2 1.00 95.22 0.00
N W 140 1.7195 1.5092 1.0176 3.99e-2 1.00 94.83 30.54
N W 200 2.0738 1.3460 1.0316 7.57e-2 1.00 94.04 51.98
N W 300 2.2531 1.2151 1.0310 1.32e-1 1.00 93.30 59.47
N W 500 2.4324 1.1313 1.0171 2.13e-1 1.00 92.56 62.20
N W 1000 2.4383 0.9940 0.9936 3.39e-1 1.00 91.81 66.00
Ne W 45 1.4835 3.8004 0.8094 1.64e-5 0.00 90.00 0.00
Ne W 50 0.2818 2.3919 0.9244 7.38e-5 0.00 90.00 0.00
Ne W 60 0.1490 1.7027 0.9423 3.61e-4 0.00 90.00 0.00
Ne W 70 1.0487 1.9268 0.8972 8.44e-3 0.00 90.00 0.00
Ne W 80 0.4630 1.3150 0.9399 1.58e-2 0.00 90.00 0.00
Ne W 100 0.7008 1.0256 0.9957 3.15e-2 0.00 90.00 0.00
Ne W 140 1.3407 1.0746 0.9942 6.97e-2 0.00 90.00 36.63
Ne W 200 1.9700 1.1784 0.9844 1.23e-1 0.00 90.00 53.20
Ne W 300 2.1649 1.1382 0.9810 2.02e-1 0.00 90.00 58.30
Ne W 400 2.3287 1.1413 0.9754 2.67e-1 0.00 90.00 60.74
Ne W 500 2.4225 1.1426 0.9688 3.24e-1 0.00 90.00 62.01
Ne W 700 2.2943 1.0333 0.9668 4.25e-1 0.00 90.00 63.45
Ne W 1000 2.2664 0.9602 0.9638 5.33e-1 0.00 90.00 65.24










Ar W 30 18.8008 14.3233 0.5298 1.03e-5 0.00 90.00 29.59
Ar W 35 6.8215 6.2803 0.5504 1.17e-4 0.00 90.00 10.89
Ar W 40 0.0399 1.2328 0.8651 4.63e-4 0.00 90.00 0.00
Ar W 45 0.0200 0.9444 0.9324 1.26e-3 0.00 90.00 0.00
Ar W 50 0.0092 0.7256 1.0034 2.85e-3 0.00 90.00 0.00
Ar W 55 0.0177 0.5887 1.0523 5.23e-3 0.00 90.00 0.00
Ar W 60 0.4625 0.7963 1.0148 8.40e-3 0.00 90.00 0.00
Ar W 70 1.1976 1.1420 0.9778 1.75e-2 0.00 90.00 17.06
Ar W 80 1.5694 1.2543 0.9772 2.86e-2 0.00 90.00 36.57
Ar W 100 1.9354 1.3595 0.9674 5.60e-2 0.00 90.00 45.02
Ar W 140 2.4932 1.5322 0.9542 1.16e-1 0.00 90.00 51.84
Ar W 200 2.8464 1.6178 0.9437 2.01e-1 0.00 90.00 55.25
Ar W 300 2.7481 1.4845 0.9442 3.36e-1 0.00 90.00 57.30
Ar W 500 2.6042 1.3461 0.9401 5.62e-1 0.00 90.00 58.98
Ar W 700 2.6193 1.3056 0.9333 7.25e-1 0.00 90.00 60.31
Ar W 1000 2.4763 1.1745 0.9366 9.26e-1 0.00 90.00 62.00
Ar W 1005 2.4753 1.1700 0.9371 9.39e-1 0.00 90.00 62.11
Ar W 1050 2.4911 1.1739 0.9341 9.61e-1 0.00 90.00 62.22
Ar W 30000 1.5166 0.2967 0.9875 2.59e-0 0.00 90.00 79.04
Xe W 9500 2.1148 0.7406 0.9329 4.25e-0 0.00 90.00 70.47
Xe W 30000 2.2644 0.7036 0.9115 5.94e-0 0.00 90.00 73.50
W W 35 32.1495 16.2298 0.4627 2.13e-5 8.68 116.47 80.98
W W 40 31.5560 16.1944 0.4990 5.60e-5 8.68 114.98 77.95
W W 50 31.1720 16.3715 0.5115 1.92e-4 8.68 112.62 74.22
W W 50 29.1892 14.9454 0.4922 1.77e-4 8.68 112.62 76.62
W W 50 31.1660 16.1845 0.5159 1.92e-4 8.68 112.62 75.18
W W 60 28.4556 15.0978 0.5159 5.89e-4 8.68 110.82 72.13
W W 70 25.7454 13.7699 0.5175 1.51e-3 8.68 109.40 70.52
W W 80 23.3907 12.5813 0.5156 3.15e-3 8.68 108.23 69.29
W W 100 19.8712 10.8397 0.5208 9.54e-3 8.68 106.42 66.95
W W 100 20.1422 10.9606 0.5241 9.26e-3 8.68 106.42 67.16
W W 120 17.5207 9.6863 0.5251 2.04e-2 8.68 105.05 64.98
W W 140 15.8372 8.8582 0.5403 3.58e-2 8.68 103.98 63.43
W W 200 12.9717 7.4152 0.5705 9.68e-2 8.68 101.77 60.57
W W 300 10.2481 5.9264 0.6168 2.28e-1 8.68 99.65 58.79
W W 350 9.5022 5.4740 0.6363 2.92e-1 8.68 98.95 58.78
W W 400 8.9966 5.1930 0.6532 3.59e-1 8.68 98.38 58.41
W W 500 8.1383 4.6991 0.6674 4.97e-1 8.68 97.51 60.21
W W 800 6.1837 3.4586 0.7349 8.47e-1 8.68 95.95 59.20
W W 1000 5.6049 3.0949 0.7587 1.07e-0 8.68 95.32 59.35
W W 1000 5.8226 3.2309 0.7429 1.04e-0 8.68 95.32 59.26
W W 2000 4.4556 2.3233 0.7594 1.81e-0 8.68 93.77 61.45
W W 2500 4.0991 2.0502 0.8270 2.10e-0 8.68 93.37 62.84
W W 5000 3.6732 1.7278 0.8289 3.11e-0 8.68 92.39 64.62